600000
600000
600008
600015
600020
600027
600033
600039
600053
600058
600063
600069
600074
600079
600084
600090
600096
600101
600107
600112
600117
600122
600128
600133
600139
600148
600153
600159
600165
600170
600176
600182
600187
600192
600198
600203
600210
600216
600221
600227
600232
600237
600249
600256
600261
600268
600273
600279
600284
600290
600297
600302
600308
600313
600319
600325
600330
600336
600343
600351
600356
600362
600368
600373
600379
600385
600390
600396
600401
600409
600419
600425
600433
600444
600455
600461
600468
600477
600482
600004
600009
600016
600021
600028
600035
600048
600054
600059
600064
600070
600075
600080
600085
600091
600097
600103
600108
600113
600118
600123
600129
600135
600141
600149
600155
600160
600166
600171
600177
600183
600188
600193
600199
600206
600211
600217
600222
600228
600233
600238
600243
600250
600257
600262
600269
600275
600280
600285
600291
600298
600303
600309
600315
600320
600326
600331
600337
600345
600352
600358
600363
600369
600375
600380
600386
600391
600397
600403
600410
600420
600426
600435
600446
600456
600462
600469
600478
600483
600005
600010
600017
600022
600029
600036
600050
600055
600060
600066
600071
600076
600081
600086
600093
600098
600104
600109
600114
600119
600125
600130
600136
600143
600150
600156
600161
600167
600172
600178
600184
600189
600195
600200
600207
600212
600218
600223
600229
600234
600239
600246
600251
600258
600265
600270
600276
600281
600287
600292
600299
600305
600310
600316
600321
600327
600332
600338
600346
600353
600359
600365
600370
600376
600381
600387
600392
600398
600405
600415
600421
600428
600436
600448
600458
600463
600470
600479
600485
600006
600011
600018
600023
600030
600037
600051
600056
600061
600067
600072
600077
600082
600088
600094
600099
600105
600110
600115
600120
600126
600131
600137
600145
600151
600157
600162
600168
600173
600179
600185
600190
600196
600201
600208
600213
600219
600225
600230
600235
600240
600247
600252
600259
600266
600271
600277
600282
600288
600293
600300
600306
600311
600317
600322
600328
600333
600339
600348
600354
600360
600366
600371
600377
600382
600388
600393
600399
600406
600416
600422
600429
600438
600449
600459
600466
600475
600480
600486
600007
600012
600019
600026
600031
600038
600052
600057
600062
600068
600073
600078
600083
600089
600095
600100
600106
600111
600116
600121
600127
600132
600138
600146
600152
600158
600163
600169
600175
600180
600186
600191
600197
600202
600209
600215
600220
600226
600231
600236
600241
600248
600255
600260
600267
600272
600278
600283
600289
600295
600301
600307
600312
600318
600323
600329
600335
600340
600350
600355
600361
600367
600372
600378
600383
600389
600395
600400
600408
600418
600423
600432
600439
600452
600460
600467
600476
600481
600487